5609525419674049
1622912008467997
2395774020445171
5303458900260974
8204849169992327
5810870477344273
7695747621870094
8772483740785437
6946208859286649
3863910590158613
0595668480046762
5860241220841256
5668800868273190
4425039346044785
2197083211063687
5214134937475142
0426177404033144
1832921056745859
2061414210491026
9060411663671395
7893583340241478
8345876106936430
4681698978831650
2923993432198340
4182329445782330
8679587794760710
7103555464070919
1311023426964566
9974049120859571
4303255224256816
8042730088684609
1834326904373536
